0.24166666666666664
0.4196428571428571
0.6383928571428572
0.5
0.31547619047619047
0.125
0.11666666666666665
0.05
0.8055555555555555
0.0625
0.11904761904761904
0.2333333333333333
0.0
0.5
1.0
0.16666666666666666
0.07142857142857142
0.3333333333333333
0.0
0.4478835978835979
0.0
0.0
0.2095238095238095
0.27777777777777773
0.6507936507936507
0.19444444444444442
0.041666666666666664
0.0
0.3549382716049383
0.017857142857142856
0.0
0.16666666666666666
0.6388888888888888
0.17361111111111108
0.0
0.5
0.012345679012345678
0.01
0.09
0.05357142857142857
0.7666666666666666
0.19166666666666665
0.4583333333333333
0.0
0.1
0.3480952380952381
0.2750793650793651
0.16
0.1
0.05555555555555555
0.4730952380952381
0.5666666666666667
0.12222222222222223
0.05555555555555555
0.2861111111111111
0.07333333333333333
0.05
0.07654320987654321
0.03125
0.42000000000000004
0.5638888888888889
0.0
0.0
0.5
0.2596428571428572
0.025
0.575
0.06666666666666667
0.04
0.05
0.013888888888888888
0.05555555555555556
0.44642857142857145
0.018518518518518517
0.02222222222222222
0.07142857142857142
0.28888888888888886
0.7555555555555555
0.02222222222222222
0.0
0.75
0.33999999999999997
0.0625
0.3571428571428571
0.25
0.5833333333333333
0.0
0.6218253968253968
0.041666666666666664
0.160515873015873
0.2185185185185185
0.524047619047619
0.5
0.5464285714285715
0.5
0.40309523809523806
0.14666666666666667
0.0
0.18333333333333335
0.16296296296296295
0.7708333333333334
0.3333333333333333
0.0
0.04
0.3833333333333333
0.375
0.19642857142857142
0.5964285714285714
0.0
0.125
0.06031746031746032
0.25
0.3
0.0
0.05
0.05
0.0
0.24444444444444446
1.0
0.3398148148148148
0.369047619047619
0.22275132275132276
0.0
0.0
0.2095238095238095
0.20833333333333331
0.05
0.0
0.369047619047619
0.519047619047619
0.10758928571428572
0.5975396825396825
0.05238095238095238
0.25
0.3839285714285714
0.3333333333333333
0.225
0.1
0.0
0.15
0.06666666666666667
0.0
0.75
0.4325396825396825
0.2816326530612245
0.5833333333333333
0.17666666666666667
0.16666666666666666
0.30396825396825394
0.8333333333333333
0.0
0.0
0.2738095238095238
0.75
0.18095238095238095
0.619047619047619
0.38222222222222224
0.31190476190476185
0.06944444444444445
0.1
0.5
0.09027777777777778
0.24444444444444446
0.3680555555555556
0.5833333333333333
0.0125
0.41666666666666663
0.08333333333333333
0.25
0.5138888888888888
0.6388888888888888
0.6791666666666667
1.0
0.05
0.0
0.015873015873015872
0.6088888888888888
0.525
0.29166666666666663
0.33095238095238094
0.2
0.5833333333333333
0.671111111111111
0.1285714285714286
0.6507936507936507
0.2261904761904762
0.13095238095238096
0.33630952380952384
0.07222222222222223
0.26666666666666666
0.13166666666666665
0.5666666666666667
0.8060405643738976
0.03333333333333333
0.05555555555555555
0.11666666666666665
0.6666666666666666
0.41666666666666663
0.05
0.25
0.36944444444444446
0.21666666666666665
0.13285714285714284
0.01
0.75
0.2619047619047619
0.18
0.5916666666666667
0.045
0.27777777777777773
0.014285714285714285
0.5047619047619047
0.5291666666666667
0.125
0.0
0.0
0.2733333333333333
0.3
0.0
0.18333333333333332
0.3071428571428571
0.5978835978835979
0.5666666666666667
0.020833333333333332
0.2
