0.2816666666666666
0.43555555555555553
0.6383928571428572
0.25
0.2738095238095238
0.027777777777777776
0.11666666666666665
0.02
0.6388888888888888
0.13125
0.07653061224489796
0.3333333333333333
0.0
0.5
1.0
0.16666666666666666
0.1
0.3333333333333333
0.0
0.4164021164021164
0.0
0.0
0.1873015873015873
0.27777777777777773
0.6507936507936507
0.16666666666666666
0.0
0.0
0.4222222222222222
0.014285714285714287
0.0
0.027777777777777776
0.6388888888888888
0.0925925925925926
0.0
0.6428571428571428
0.0
0.0
0.05357142857142857
0.03428571428571429
0.6666666666666666
0.10714285714285714
0.5
0.0
0.12
0.2891666666666667
0.2750793650793651
0.16
0.125
0.0
0.2828571428571428
0.17916666666666664
0.13333333333333333
0.05555555555555555
0.14694444444444443
0.06666666666666667
0.016666666666666666
0.16666666666666666
0.03125
0.4533333333333333
0.4
0.0
0.0
0.5
0.19714285714285712
0.06222222222222222
0.19952380952380952
0.06666666666666667
0.0
0.02
0.0
0.05
0.2988095238095238
0.05185185185185185
0.06666666666666667
0.0
0.2833333333333333
0.7222222222222222
0.0
0.0
0.5
0.4083333333333333
0.05
0.3
0.125
0.5833333333333333
0.0
0.6218253968253968
0.027777777777777776
0.07222222222222222
0.19259259259259257
0.5014285714285714
0.5
0.5666666666666667
0.5
0.38416666666666666
0.1
0.0
0.18333333333333335
0.18518518518518517
0.6958333333333333
0.35
0.0
0.04
0.3833333333333333
0.375
0.14880952380952378
0.682142857142857
0.0
0.25
0.11904761904761904
0.25
0.1625
0.0
0.0
0.04
0.0
0.19444444444444442
1.0
0.3292328042328042
0.4404761904761904
0.20052910052910053
0.0
0.0
0.07857142857142857
0.20833333333333331
0.05
0.0
0.3880952380952381
0.3
0.09375
0.5808730158730159
0.04642857142857143
0.16666666666666666
0.4083333333333333
0.3333333333333333
0.18333333333333335
0.1
0.0
0.13888888888888887
0.05555555555555555
0.0
0.6111111111111112
0.17976190476190476
0.21700680272108844
0.5833333333333333
0.1595238095238095
0.25
0.24952380952380948
0.8333333333333333
0.0
0.0
0.2738095238095238
0.75
0.13888888888888887
0.549047619047619
0.3
0.3055555555555556
0.05
0.1
0.4583333333333333
0.15
0.27777777777777773
0.23958333333333331
0.375
0.0
0.2777777777777778
0.05555555555555555
0.25
0.5138888888888888
0.6388888888888888
0.6791666666666667
0.8333333333333333
0.03333333333333333
0.0
0.0
0.6088888888888888
0.4151785714285714
0.225
0.33095238095238094
0.2
0.5833333333333333
0.4730952380952381
0.1285714285714286
0.6388888888888888
0.16
0.10317460317460318
0.2571428571428571
0.05925925925925926
0.26666666666666666
0.0125
0.5666666666666667
0.8282627865961198
0.041666666666666664
0.05555555555555555
0.13285714285714284
0.5555555555555555
0.3125
0.0625
0.27777777777777773
0.2095238095238095
0.15
0.05833333333333333
0.0
0.6428571428571428
0.1111111111111111
0.06666666666666667
0.5496031746031745
0.016666666666666666
0.27777777777777773
0.0
0.43809523809523804
0.5025
0.125
0.0
0.0
0.08333333333333333
0.09107142857142857
0.0
0.1
0.2
0.6071428571428572
0.47916666666666663
0.013888888888888888
0.15
